"CIRCOSCRIZIONE";"COLLPLURINOM";"ELETTORITOTALI";"ELETTORIMASCHI";"NUMVOTANTITOTALI";"NUMVOTANTIMASCHI";"SKBIANCHE";"VOTIVALIDILISTE";"VOTIVALIDICAND";"SKNONVALIDE"
"PIEMONTE 1";"PIEMONTE 1 - 01";875371,00;413699,00;652379,00;317196,00;4317,00;632626,00;632626,00;19753,00
"PIEMONTE 1";"PIEMONTE 1 - 02";871839,00;423673,00;667813,00;333393,00;6019,00;642821,00;642821,00;24992,00
"PIEMONTE 2";"PIEMONTE 2 - 01";850656,00;413600,00;636706,00;320970,00;7626,00;611156,00;611156,00;25550,00
"PIEMONTE 2";"PIEMONTE 2 - 02";781935,00;375854,00;584029,00;288732,00;6475,00;561285,00;561285,00;22744,00
"LOMBARDIA 1";"LOMBARDIA 1 - 01";662718,00;322094,00;518641,00;257374,00;5558,00;505217,00;505217,00;13424,00
"LOMBARDIA 1";"LOMBARDIA 1 - 02";768872,00;370043,00;585751,00;288327,00;6088,00;570732,00;570732,00;15019,00
"LOMBARDIA 1";"LOMBARDIA 1 - 03";860512,00;400971,00;630225,00;300587,00;6109,00;615349,00;615349,00;14876,00
"LOMBARDIA 1";"LOMBARDIA 1 - 04";671094,00;325728,00;514225,00;255253,00;5747,00;499710,00;499710,00;14515,00
"LOMBARDIA 2";"LOMBARDIA 2 - 01";686975,00;332447,00;520034,00;257774,00;6575,00;504382,00;504382,00;15652,00
"LOMBARDIA 2";"LOMBARDIA 2 - 02";959733,00;469150,00;740029,00;369294,00;11190,00;714810,00;714810,00;25219,00
"LOMBARDIA 3";"LOMBARDIA 3 - 01";798923,00;389980,00;634347,00;315701,00;9579,00;615267,00;615267,00;19080,00
"LOMBARDIA 3";"LOMBARDIA 3 - 02";838085,00;412227,00;671572,00;335820,00;9806,00;650635,00;650635,00;20937,00
"LOMBARDIA 4";"LOMBARDIA 4 - 01";645289,00;312742,00;483099,00;241990,00;6778,00;466958,00;466958,00;16141,00
"LOMBARDIA 4";"LOMBARDIA 4 - 02";604290,00;293715,00;462394,00;232050,00;6300,00;449409,00;449409,00;12985,00
"VENETO 1";"VENETO 1 - 01";765328,00;369946,00;593047,00;295154,00;5253,00;577422,00;577422,00;15625,00
"VENETO 1";"VENETO 1 - 02";720398,00;350263,00;560123,00;279027,00;5773,00;544231,00;544231,00;15892,00
"VENETO 2";"VENETO 2 - 01";712555,00;344835,00;573175,00;284743,00;5351,00;558003,00;558003,00;15172,00
"VENETO 2";"VENETO 2 - 02";652441,00;319896,00;524221,00;261765,00;5257,00;509798,00;509798,00;14423,00
"VENETO 2";"VENETO 2 - 03";876719,00;425625,00;683841,00;342439,00;6325,00;667136,00;667136,00;16705,00
"FRIULI-VENEZIA GIULIA";"FRIULI-VENEZIA GIULIA - 01";950403,00;457336,00;713973,00;352753,00;7512,00;689134,00;689048,00;24925,00
"LIGURIA";"LIGURIA - 01";605314,00;286783,00;431649,00;211897,00;4159,00;418590,00;418590,00;13059,00
"LIGURIA";"LIGURIA - 02";624186,00;293532,00;453417,00;222148,00;3703,00;442002,00;442002,00;11415,00
"EMILIA-ROMAGNA";"EMILIA-ROMAGNA - 01";844864,00;407572,00;665268,00;330404,00;5334,00;649430,00;649430,00;15838,00
"EMILIA-ROMAGNA";"EMILIA-ROMAGNA - 02";791327,00;382704,00;625850,00;310943,00;6748,00;608154,00;608154,00;17696,00
"EMILIA-ROMAGNA";"EMILIA-ROMAGNA - 03";760153,00;364686,00;597851,00;294410,00;5360,00;581939,00;581939,00;15912,00
"EMILIA-ROMAGNA";"EMILIA-ROMAGNA - 04";930541,00;452039,00;715695,00;358401,00;7180,00;695661,00;695661,00;20034,00
"TOSCANA";"TOSCANA - 01";849708,00;407078,00;640768,00;316812,00;5863,00;620959,00;620959,00;19809,00
"TOSCANA";"TOSCANA - 02";606754,00;290949,00;473354,00;234342,00;4470,00;459897,00;459897,00;13457,00
"TOSCANA";"TOSCANA - 03";755718,00;359118,00;600864,00;293236,00;5275,00;583368,00;583368,00;17496,00
"TOSCANA";"TOSCANA - 04";628951,00;302490,00;485973,00;242454,00;5570,00;470362,00;470362,00;15611,00
"UMBRIA";"UMBRIA - 01";672313,00;323403,00;525978,00;263836,00;5339,00;511279,00;511279,00;14699,00
"MARCHE";"MARCHE - 01";601283,00;291056,00;463156,00;233278,00;6132,00;449658,00;449658,00;13498,00
"MARCHE";"MARCHE - 02";582796,00;281499,00;451963,00;227069,00;4853,00;440279,00;440279,00;11684,00
"LAZIO 1";"LAZIO 1 - 01";1005501,00;468508,00;720702,00;342253,00;6409,00;702292,00;702292,00;18410,00
"LAZIO 1";"LAZIO 1 - 02";991777,00;461349,00;712410,00;341648,00;6134,00;694354,00;694354,00;18056,00
"LAZIO 1";"LAZIO 1 - 03";892924,00;433404,00;648693,00;322042,00;7585,00;630186,00;630186,00;18507,00
"LAZIO 2";"LAZIO 2 - 01";662651,00;322490,00;488915,00;244991,00;7464,00;472673,00;472079,00;16836,00
"LAZIO 2";"LAZIO 2 - 02";840123,00;408238,00;622352,00;312782,00;13971,00;594782,00;594782,00;27570,00
"ABRUZZO";"ABRUZZO - 01";604762,00;291104,00;455013,00;227072,00;5363,00;439777,00;439777,00;15236,00
"ABRUZZO";"ABRUZZO - 02";440401,00;215060,00;331520,00;167737,00;3864,00;320411,00;320411,00;11109,00
"MOLISE";"MOLISE - 01";254108,00;123643,00;182007,00;92779,00;3249,00;174329,00;174329,00;7678,00
"CAMPANIA 1";"CAMPANIA 1 - 01";918321,00;442580,00;610227,00;309071,00;3709,00;596242,00;596242,00;13985,00
"CAMPANIA 1";"CAMPANIA 1 - 02";746750,00;348916,00;451924,00;225130,00;2120,00;441845,00;441845,00;10079,00
"CAMPANIA 1";"CAMPANIA 1 - 03";735932,00;352062,00;506642,00;254659,00;5003,00;492127,00;492127,00;14515,00
"CAMPANIA 2";"CAMPANIA 2 - 01";582865,00;283587,00;425263,00;218095,00;7264,00;408132,00;408132,00;17131,00
"CAMPANIA 2";"CAMPANIA 2 - 02";714758,00;343802,00;497700,00;251851,00;7373,00;479220,00;479220,00;18480,00
"CAMPANIA 2";"CAMPANIA 2 - 03";860461,00;416346,00;616610,00;313198,00;9632,00;592731,00;592731,00;23879,00
"PUGLIA";"PUGLIA - 01";830005,00;399148,00;578136,00;292606,00;4223,00;561412,00;561412,00;16724,00
"PUGLIA";"PUGLIA - 02";844276,00;399164,00;588731,00;293022,00;8608,00;566760,00;566760,00;21971,00
"PUGLIA";"PUGLIA - 03";847439,00;405788,00;587008,00;297027,00;6404,00;568277,00;568277,00;18731,00
"PUGLIA";"PUGLIA - 04";746444,00;361910,00;503753,00;259180,00;4695,00;487711,00;487711,00;16042,00
"BASILICATA";"BASILICATA - 01";462768,00;225183,00;329087,00;168550,00;5669,00;313719,00;313719,00;15368,00
"CALABRIA";"CALABRIA - 01";746151,00;361989,00;482777,00;249336,00;8240,00;462196,00;462196,00;20581,00
"CALABRIA";"CALABRIA - 02";795415,00;381600,00;498268,00;255492,00;7443,00;475514,00;475514,00;22754,00
"SICILIA 1";"SICILIA 1 - 01";549007,00;257019,00;332391,00;165729,00;1682,00;321571,00;321571,00;10820,00
"SICILIA 1";"SICILIA 1 - 02";709562,00;342197,00;446059,00;229339,00;5260,00;428180,00;428180,00;17879,00
"SICILIA 1";"SICILIA 1 - 03";637968,00;304187,00;383260,00;196603,00;4323,00;369333,00;369333,00;13927,00
"SICILIA 2";"SICILIA 2 - 01";645421,00;307672,00;420631,00;213025,00;5942,00;402975,00;402975,00;17656,00
"SICILIA 2";"SICILIA 2 - 02";678635,00;322733,00;440622,00;219600,00;3473,00;424810,00;424810,00;15812,00
"SICILIA 2";"SICILIA 2 - 03";787593,00;379703,00;492382,00;250119,00;4520,00;476393,00;476393,00;15989,00
"SARDEGNA";"SARDEGNA - 01";748029,00;362343,00;495385,00;248112,00;4437,00;480781,00;480781,00;14604,00
"SARDEGNA";"SARDEGNA - 02";620442,00;302868,00;401110,00;202033,00;3819,00;388219,00;388219,00;12891,00
"TRENTINO-ALTO ADIGE/SUDTIROL";"TRENTINO-ALTO ADIGE/SUDTIROL - 01";796817,00;390077,00;592333,00;293074,00;17939,00;557094,00;557094,00;35239,00
